lmfdb_index|coeffs|monogenic
1|-1,2,7,-12,-8,14,0,-4|1
1|-1,9,6,-23,-5,17,-1,-4|1
1|1,0,-8,0,14,0,-7,0|1
1|1,4,-10,-10,15,6,-7,-1|1
1|-1,4,2,-18,4,16,-7,-2|1
1|-1,11,-5,-36,17,26,-12,-2|0
1|-1,9,-8,-18,14,11,-7,-2|1
1|1,0,-9,-3,15,4,-7,-1|1
1|1,1,-7,-4,13,4,-7,-1|1
1|1,2,-6,-9,11,9,-6,-2|1
1|1,3,-4,-13,5,13,-4,-3|1
1|1,2,-10,-7,15,5,-7,-1|1
1|1,-4,-13,7,19,-2,-8,0|1
1|1,2,-7,-11,11,10,-6,-2|1
1|1,4,-14,-12,21,8,-9,-1|0
1|-1,14,-14,-24,22,12,-9,-2|0
1|1,0,-10,5,17,-5,-10,0|1
1|1,7,-1,-25,5,20,-6,-3|1
1|1,1,-9,-10,15,10,-9,-1|1
1|-1,7,-1,-19,5,14,-4,-3|1
1|1,0,-12,0,19,0,-8,0|1
1|-1,-9,-17,9,23,-2,-9,0|1
1|1,0,-17,0,44,0,-13,0|0
1|-1,5,-2,-17,16,8,-8,-1|1
1|-1,8,2,-23,2,18,-5,-3|0
1|-1,5,7,-23,1,16,-4,-3|1
1|-1,17,-9,-31,17,15,-8,-2|1
1|1,0,-10,3,16,-2,-8,0|1
1|1,5,0,-18,2,15,-4,-3|1
1|1,1,-8,-4,14,4,-7,-1|1
1|1,4,-5,-15,8,15,-5,-3|1
1|-1,4,4,-16,-3,15,-1,-4|1
1|-1,6,-5,-16,12,11,-7,-2|1
1|1,3,-9,-9,14,6,-7,-1|1
1|-1,10,-8,-20,17,9,-8,-1|1
1|-1,2,9,-21,0,16,-4,-3|1
1|-1,2,9,-17,-6,18,-4,-3|1
1|1,-2,-12,-1,18,3,-8,-1|1
1|-1,10,13,-41,10,19,-8,-2|1
1|-1,6,-1,-19,9,12,-6,-2|1
1|1,8,6,-21,-6,17,-1,-4|1
1|1,3,-8,-13,12,10,-6,-2|1
1|-1,8,-12,-14,19,7,-8,-1|1
1|1,1,-9,-6,14,5,-7,-1|1
1|2,4,-9,-13,12,10,-6,-2|1
1|1,6,-6,-17,11,11,-6,-2|1
1|1,0,-16,0,20,0,-8,0|1
1|2,-1,-12,2,18,-1,-8,0|1
1|1,5,-22,-5,33,0,-12,0|0
1|-1,5,1,-18,4,14,-4,-3|1
1|-1,9,0,-22,4,15,-4,-3|1
1|-1,-7,-12,6,20,-1,-9,0|1
1|1,-1,-15,1,22,-1,-9,0|0
1|1,3,-8,-11,12,9,-6,-2|1
1|-1,4,2,-16,-1,16,-2,-4|1
1|1,1,-10,-6,15,5,-7,-1|1
1|1,8,-2,-21,4,15,-4,-3|1
1|1,11,-14,-20,20,10,-9,-1|1
1|-1,6,8,-21,-6,17,-1,-4|1
1|1,1,-10,-14,11,13,-5,-3|1
1|-1,6,-3,-17,10,11,-6,-2|1
1|-1,13,-12,-35,13,19,-6,-3|1
1|11,0,-31,0,27,0,-9,0|1
1|-1,14,15,-49,7,24,-7,-3|0
1|1,-1,-13,-7,18,9,-7,-2|1
1|1,-4,-12,8,21,-4,-10,0|0
1|1,2,-11,-2,18,0,-8,0|1
1|1,2,-11,-1,17,0,-8,0|1
1|1,3,-5,-13,9,11,-6,-2|1
1|1,7,-28,-20,30,9,-10,-1|0
1|1,3,-6,-14,14,9,-8,-1|1
1|1,-2,-13,4,21,-2,-9,0|1
1|1,5,-7,-16,11,11,-6,-2|1
1|-19,61,-20,-61,35,17,-12,-1|1
1|-1,3,7,-23,2,18,-5,-3|0
1|1,0,-10,-7,16,9,-7,-2|1
1|-1,7,-4,-17,10,11,-6,-2|1
1|-19,51,3,-70,25,22,-10,-2|0
1|-1,-7,-11,10,21,-3,-9,0|1
1|1,3,-5,-12,9,12,-5,-3|1
1|-1,4,6,-22,1,16,-4,-3|1
1|1,1,-8,-7,15,7,-8,-1|1
1|-1,6,-5,-15,16,8,-8,-1|1
1|1,4,-5,-17,15,9,-8,-1|1
1|1,19,-6,-42,18,19,-9,-2|0
1|1,3,-11,-11,17,10,-7,-2|1
1|-1,12,-34,-2,35,-1,-11,0|0
2|1,23,-28,-29,30,13,-10,-2|0
1|-1,19,-16,-33,27,15,-12,-1|0
1|3,2,-18,-6,21,5,-8,-1|1
1|1,-3,-18,3,23,-1,-9,0|1
1|-1,22,-9,-39,25,13,-10,-1|1
1|1,1,-13,-2,20,4,-8,-1|1
1|1,4,-12,-9,19,6,-8,-1|1
1|1,3,-8,-11,14,10,-7,-2|0
1|-1,-16,-25,17,37,-2,-12,0|0
1|1,-4,-12,6,20,-2,-9,0|1
1|-11,25,14,-44,2,23,-6,-3|1
1|5,-5,-31,-4,28,5,-9,-1|1
1|-1,-1,19,-27,-5,21,-5,-3|1
1|-1,4,3,-17,2,17,-5,-3|1
1|1,2,-7,-7,14,6,-8,-1|1
1|1,0,-12,1,19,1,-9,-1|1
1|1,2,-11,-15,16,11,-7,-2|0
1|1,5,-8,-14,14,9,-8,-1|1
1|-1,3,5,-15,-6,16,-1,-4|1
1|-1,6,-3,-20,8,18,-4,-4|1
1|2,5,-9,-14,12,10,-6,-2|1
1|5,5,-19,-12,22,7,-9,-1|0
1|-1,5,-3,-14,14,8,-8,-1|1
1|-1,7,-9,-16,17,10,-8,-2|1
1|-1,5,-1,-18,7,14,-5,-3|1
1|1,9,-3,-27,13,14,-7,-2|1
1|1,-1,-13,3,19,-1,-8,0|1
1|-1,4,8,-29,10,15,-7,-2|1
1|1,8,-12,-16,18,8,-8,-1|1
1|1,3,-6,-13,11,10,-6,-2|1
1|1,1,-9,-6,17,9,-7,-2|1
1|1,5,-7,-14,11,10,-6,-2|1
1|1,6,-11,-28,14,19,-9,-2|0
1|-1,6,-7,-11,16,6,-8,-1|1
1|1,3,-6,-12,13,11,-9,-1|1
1|1,4,-7,-15,10,13,-5,-3|1
1|1,-2,-9,6,19,-3,-9,0|1
1|-1,8,-8,-18,18,8,-8,-1|1
1|5,10,-16,-21,17,12,-7,-2|1
1|1,-36,114,-102,-1,36,-9,-3|1
1|1,4,-9,-10,16,7,-8,-1|1
1|1,6,2,-18,-4,16,-1,-4|1
1|2,0,-16,0,20,0,-8,0|1
1|16,0,-56,0,52,0,-14,0|0
1|1,-2,-9,4,16,-2,-8,0|1
1|1,-13,44,-45,-5,25,-6,-3|1
1|1,9,5,-25,-2,20,-5,-3|1
1|1,-4,-6,20,23,-6,-10,0|1
1|-1,4,3,-23,11,16,-8,-2|1
1|1,7,-7,-17,11,11,-6,-2|1
1|4,-6,-21,9,25,-2,-9,0|0
1|-1,15,-4,-31,10,18,-6,-3|0
1|1,5,-4,-16,6,13,-4,-3|1
1|-1,6,-1,-23,3,18,-5,-3|1
1|-5,20,-11,-29,23,10,-9,-1|1
1|-1,-9,-19,0,24,5,-9,-1|0
1|-19,55,1,-68,16,26,-8,-3|0
2|1,-1,-36,-16,35,9,-11,-1|0
1|1,9,-12,-25,16,15,-8,-2|1
1|-1,7,-10,-14,20,8,-9,-1|1
1|1,1,-13,4,23,-4,-12,0|0
1|1,-3,-10,9,17,-5,-9,0|1
1|-1,10,-25,-5,29,0,-10,0|1
1|-1,4,2,-17,1,17,-5,-3|1
1|4,4,-21,-8,25,6,-9,-1|0
1|-1,8,-10,-16,17,10,-8,-2|1
1|-1,2,13,-31,8,16,-7,-2|1
1|1,-2,-13,-1,20,4,-8,-1|1
1|1,3,-6,-14,16,10,-9,-1|1
1|-1,6,2,-20,3,15,-4,-3|1
1|1,5,-13,-9,19,6,-8,-1|1
1|3,7,-14,-15,18,8,-8,-1|1
1|1,-2,-11,6,18,-2,-8,0|1
1|3,-2,-15,6,20,-3,-9,0|1
1|1,0,-12,-6,18,6,-8,-1|1
1|19,0,-45,0,34,0,-10,0|1
1|1,1,-14,-1,19,0,-8,0|1
1|7,-2,-24,4,25,-1,-9,0|1
1|1,23,-39,-21,38,8,-11,-1|0
1|-1,3,6,-19,1,15,-4,-3|1
1|-1,12,6,-28,-1,20,-5,-3|1
1|1,4,-11,-18,17,16,-9,-2|1
1|4,0,-24,0,30,0,-12,0|0
1|-1,-12,-20,11,25,-2,-9,0|1
1|-2,5,7,-18,-5,16,-1,-4|1
1|1,1,-14,-4,19,4,-8,-1|1
1|-1,-8,-11,15,21,-6,-10,0|1
1|1,0,-11,0,24,0,-11,0|-1
1|1,6,-21,-2,25,0,-9,0|1
1|-1,3,10,-19,-7,17,-1,-4|1
1|1,4,-5,-20,8,15,-5,-3|0
1|1,6,-13,-10,19,6,-8,-1|1
1|11,31,-4,-45,1,23,-3,-4|1
1|-1,4,3,-18,3,17,-5,-3|1
1|-1,8,4,-30,11,15,-7,-2|1
1|1,9,0,-24,0,18,-2,-4|1
1|1,8,-13,-15,19,7,-8,-1|1
1|-1,4,4,-25,11,14,-7,-2|1
1|1,-3,-12,3,18,-1,-8,0|1
1|1,-1,-12,3,18,-1,-8,0|1
1|1,24,2,-43,0,23,-3,-4|1
1|1,4,-13,-8,21,5,-9,-1|0
1|-1,-8,-14,7,23,-1,-9,0|1
1|1,-2,-10,11,22,-3,-9,0|1
1|-1,8,-10,-17,18,8,-8,-1|1
1|1,4,-12,-21,11,15,-5,-3|1
1|1,17,-5,-34,14,17,-8,-2|1
1|2,12,-1,-27,4,18,-5,-3|1
1|1,4,-6,-16,15,9,-8,-1|1
1|-4,22,3,-40,7,21,-6,-3|0
1|11,3,-43,-19,35,13,-10,-2|0
1|1,-2,-15,-8,21,12,-9,-2|1
1|3,0,-17,0,20,0,-8,0|1
1|1,5,-15,-10,21,6,-9,-1|0
1|-11,30,0,-46,16,20,-9,-2|1
1|-1,7,0,-19,4,14,-4,-3|1
1|-1,-8,-15,6,25,3,-9,-1|1
1|-2,9,-2,-23,8,16,-5,-3|1
1|-1,3,7,-18,-7,17,-1,-4|1
1|-1,7,-2,-19,9,12,-6,-2|1
1|-1,5,7,-18,-7,17,-1,-4|1
1|-2,7,3,-20,2,15,-4,-3|1
1|-1,5,2,-20,3,15,-4,-3|1
1|-1,-6,-7,12,19,-4,-9,0|1
1|-5,-45,-90,-5,61,9,-14,-1|0
1|-1,1,16,-30,1,19,-5,-3|1
1|-1,4,10,-27,0,21,-6,-3|0
1|1,4,-4,-20,4,20,-4,-4|0
1|-1,6,-4,-22,15,17,-9,-2|1
1|-1,-22,-47,24,45,-6,-13,0|0
1|1,0,-9,1,20,-1,-9,0|0
1|11,10,-35,-27,33,20,-9,-3|0
1|1,3,-9,-10,18,6,-8,-1|1
1|-1,1,14,-22,-8,20,-2,-4|0
1|1,2,-9,-16,12,13,-7,-2|1
1|-1,4,3,-19,1,18,-5,-3|1
1|1,4,-4,-17,5,14,-4,-3|1
1|1,4,-10,-15,17,13,-8,-2|0
1|-9,36,-22,-37,30,11,-10,-1|0
1|-1,4,5,-30,19,11,-9,-1|1
1|-2,8,3,-31,18,12,-9,-1|1
1|-1,12,-20,-19,25,8,-9,-1|0
1|-1,2,11,-22,-2,17,-4,-3|1
1|1,-3,-15,4,23,2,-9,-1|1
1|-4,14,3,-30,5,18,-5,-3|0
1|1,1,-10,-1,18,0,-8,0|1
1|1,32,-12,-56,21,25,-11,-2|0
1|-1,4,4,-22,5,16,-5,-3|0
1|-1,6,-6,-12,15,7,-8,-1|1
1|-1,15,3,-31,3,19,-5,-3|1
1|1,0,-15,-3,20,4,-8,-1|1
1|1,-1,-8,3,15,-2,-8,0|1
1|1,4,-4,-15,6,13,-4,-3|1
1|1,-3,-24,5,28,-2,-10,0|0
1|-1,4,4,-15,-4,15,-1,-4|1
1|-1,-8,-12,12,23,-4,-10,0|0
1|-1,8,-12,-18,19,12,-8,-2|-1
1|1,-3,-14,5,23,-2,-10,0|0
1|-1,4,3,-18,2,15,-4,-3|1
1|-5,10,25,-45,1,23,-6,-3|1
2|1,-1,-25,-9,29,6,-10,-1|0
1|-1,30,-21,-61,32,22,-11,-2|1
1|4,14,-7,-31,11,20,-9,-2|0
1|-1,5,-1,-19,7,18,-6,-3|1
1|2,0,-16,8,24,-8,-12,0|1
1|1,0,-10,3,18,-3,-9,0|1
1|-1,7,-4,-21,12,15,-8,-2|0
1|1,0,-12,0,23,0,-12,0|0
1|-1,8,-14,-13,22,6,-9,-1|1
1|-1,-6,-6,14,21,-3,-9,0|1
1|1,-1,-11,4,17,-2,-8,0|1
1|1,3,-16,-7,23,6,-9,-1|0
1|-1,4,10,-30,8,16,-7,-2|1
1|25,0,-100,0,70,0,-15,0|0
1|9,1,-33,-9,28,6,-9,-1|1
1|2,3,-12,-7,18,5,-8,-1|1
1|1,2,-16,-7,20,5,-8,-1|1
1|1,0,-14,-7,21,9,-8,-2|0
1|1,-1,-22,3,25,-1,-9,0|1
1|-11,65,-48,-53,45,13,-12,-1|0
1|1,5,-1,-20,6,15,-5,-3|1
1|3,12,-17,-21,21,10,-9,-1|1
1|-1,9,-4,-22,11,14,-7,-2|1
1|1,3,-5,-13,11,12,-7,-2|1
1|1,5,-2,-22,12,13,-7,-2|1
1|-1,5,-2,-16,10,13,-7,-2|1
1|1,20,-42,-49,54,14,-14,-1|0
1|11,-18,-43,17,43,1,-12,-1|1
1|1,1,-9,-7,15,6,-8,-1|1
1|-4,16,-5,-29,15,15,-8,-2|-1
1|-1,-10,-18,8,28,2,-10,-1|0
1|-1,6,-2,-22,13,13,-7,-2|1
1|-1,-27,-58,-4,46,7,-12,-1|0
1|-1,6,3,-19,0,16,-4,-3|1
1|-1,4,1,-16,8,13,-7,-2|1
1|-1,2,17,-39,11,18,-8,-2|0
1|-2,11,-10,-18,18,8,-8,-1|1
1|1,11,8,-41,13,18,-8,-2|1
1|-1,9,12,-28,-8,25,-6,-3|1
1|1,5,-18,-9,23,5,-9,-1|1
1|-1,3,12,-28,2,18,-5,-3|1
1|1,1,-9,-10,13,11,-7,-2|1
1|11,6,-70,-44,50,20,-13,-2|0
1|11,-2,-51,3,58,6,-14,-1|0
1|1,0,-36,0,38,0,-12,0|0
1|1,1,-9,-6,18,5,-8,-1|1
1|-9,27,3,-51,10,24,-7,-3|0
1|1,11,6,-36,3,22,-6,-3|1
1|1,1,-10,-12,15,11,-8,-2|1
1|-1,2,9,-16,-7,16,-1,-4|1
1|-1,5,2,-17,1,15,-4,-3|1
1|-1,3,5,-16,-2,16,-4,-3|1
1|-1,-4,10,48,37,-8,-12,0|1
1|-5,24,-1,-39,13,18,-8,-2|1
1|11,15,-32,-34,34,19,-14,-1|0
1|11,21,-30,-41,40,12,-12,-1|0
1|2,12,2,-26,-3,19,-2,-4|1
1|-1,7,-10,-11,18,6,-8,-1|1
1|1,3,-9,-12,18,9,-9,-1|1
1|-1,5,0,-17,4,14,-4,-3|1
1|-1,-8,-14,11,30,3,-10,-1|1
1|1,4,-14,-18,16,12,-7,-2|1
1|1,3,-6,-15,9,13,-5,-3|1
1|1,0,-10,-5,17,6,-8,-1|1
1|-1,24,-32,-26,32,9,-10,-1|0
1|-1,3,7,-20,0,16,-4,-3|1
1|1,4,-5,-15,10,11,-6,-2|1
1|1,-3,-9,12,20,-4,-9,0|1
1|-1,7,-8,-20,18,12,-8,-2|1
1|3,6,-14,-14,19,7,-8,-1|1
1|-2,6,5,-21,-2,18,-2,-4|1
1|1,2,-15,-21,16,15,-8,-2|1
1|1,-4,-12,7,22,-1,-9,0|1
1|-1,1,12,-21,-6,19,-2,-4|0
1|1,0,-10,-6,17,9,-7,-2|1
1|-5,15,1,-31,11,17,-8,-2|1
1|-1,6,-2,-20,7,16,-5,-3|1
1|-1,4,1,-17,10,12,-7,-2|1
1|-1,24,-12,-35,19,15,-8,-2|1
1|1,-1,-9,2,17,-1,-8,0|1
1|1,-26,-53,10,51,5,-13,-1|0
1|-1,5,-1,-18,9,13,-7,-2|1
1|1,-6,-16,10,23,-4,-10,0|-1
1|-1,10,-9,-24,15,13,-7,-2|1
1|1,3,-16,-9,20,6,-8,-1|1
1|5,0,-21,2,24,-1,-9,0|1
1|1,1,-12,-16,12,14,-5,-3|1
1|29,0,-58,0,40,0,-11,0|1
1|-1,2,9,-19,-3,17,-4,-3|1
1|-1,-14,-23,12,30,-2,-10,0|1
1|1,5,-3,-24,18,11,-9,-1|1
1|-1,10,-4,-26,10,18,-6,-3|0
1|1,2,-9,-14,11,13,-5,-3|1
1|1,-3,-9,8,18,-4,-9,0|1
1|-1,-6,-6,14,20,-4,-9,0|1
1|2,0,-13,0,19,0,-8,0|1
1|1,12,6,-44,19,18,-11,-1|1
1|1,-2,-8,9,21,-2,-9,0|1
1|-1,5,4,-25,-5,20,-2,-4|1
1|1,21,-15,-34,20,15,-8,-2|1
1|1,-2,-13,-3,19,5,-8,-1|1
1|-1,10,-15,-19,22,9,-9,-1|0
1|3,9,-15,-18,17,11,-7,-2|1
1|-1,-7,-10,9,19,-3,-9,0|1
1|2,4,-9,-16,11,14,-5,-3|1
1|1,6,0,-20,3,15,-4,-3|1
1|-1,-9,-14,13,23,-3,-9,0|1
1|-1,3,6,-15,-5,15,-1,-4|1
1|11,28,-33,-44,30,18,-10,-2|0
1|1,-2,-13,4,19,-1,-8,0|1
1|4,-2,-19,5,24,-1,-9,0|0
1|-1,1,14,-26,-4,23,-6,-3|0
1|-1,2,11,-28,7,16,-7,-2|1
1|-1,15,5,-32,-3,20,-2,-4|1
1|1,14,-13,-27,23,10,-9,-1|1
1|1,-1,-12,9,29,3,-10,-1|1
1|4,-2,-31,-11,30,11,-9,-2|0
1|-2,-9,-6,20,24,-5,-10,0|1
1|-1,7,-8,-19,14,12,-7,-2|1
1|1,0,-14,-5,20,5,-8,-1|1
1|-1,4,8,-21,-2,17,-4,-3|1
1|-1,-6,-5,19,29,1,-10,-1|1
1|-1,4,3,-25,19,10,-9,-1|1
1|1,22,-28,-25,30,9,-10,-1|0
1|-1,-7,-8,14,22,-3,-9,0|1
1|-2,6,5,-20,0,16,-4,-3|1
1|-1,-6,-7,11,18,-4,-9,0|1
1|1,0,-10,-5,18,5,-8,-1|1
1|-1,11,-11,-21,16,12,-7,-2|1
1|4,6,-21,-22,29,9,-10,-1|0
1|1,0,-15,0,57,0,-15,0|0
2|-1,-7,55,-82,7,38,-8,-4|0
1|11,4,-39,-1,33,0,-10,0|1
1|31,0,-64,0,42,0,-11,0|1
1|1,8,2,-55,36,15,-12,-1|1
1|1,0,-8,1,15,-1,-8,0|1
1|1,12,-14,-24,22,10,-9,-1|1
1|-1,3,6,-16,-4,17,-4,-3|1
1|-1,-11,-31,-15,31,13,-10,-2|0
1|1,2,-9,-8,18,6,-8,-1|1
1|-1,3,11,-32,9,18,-8,-2|0
1|-1,8,-3,-23,14,15,-8,-2|1
1|-1,4,2,-20,11,13,-7,-2|1
1|1,5,-11,-24,22,12,-10,-1|0
1|-1,-9,-21,3,29,4,-10,-1|1
1|-1,6,-5,-16,13,12,-7,-2|1
1|-1,4,7,-23,0,20,-3,-4|1
1|-5,12,8,-29,1,19,-5,-3|1
1|1,4,-11,-20,11,15,-5,-3|1
1|1,4,-5,-19,13,12,-7,-2|1
1|11,-3,-57,-26,41,15,-11,-2|0
1|1,10,-16,-18,24,10,-10,-1|1
1|1,7,-4,-20,8,15,-7,-2|1
1|1,-3,-14,-1,20,4,-8,-1|1
1|1,11,-13,-23,18,16,-7,-3|1
1|1,6,-1,-19,3,15,-4,-3|1
1|-1,11,-12,-23,24,10,-10,-1|0
1|-1,7,-7,-20,13,13,-7,-2|1
1|-1,4,4,-19,2,17,-7,-2|1
1|1,-2,-14,3,19,-1,-8,0|1
1|-4,12,3,-29,8,18,-8,-2|0
1|-1,8,-12,-15,21,7,-9,-1|0
1|4,-8,-34,8,43,-4,-14,0|-1
1|-1,5,-2,-16,12,12,-7,-2|1
1|-9,24,11,-43,4,22,-6,-3|0
1|1,-10,-19,12,24,-3,-9,0|1
1|-19,-92,-111,13,68,6,-14,-1|1
1|1,2,-11,-21,9,16,-5,-3|1
1|2,-1,-11,3,18,-2,-9,0|1
1|-1,8,-10,-15,18,7,-8,-1|1
1|-1,9,-8,-20,21,9,-9,-1|1
1|1,14,2,-32,2,22,-6,-3|1
1|1,7,-3,-19,5,14,-4,-3|1
1|1,5,-1,-19,1,17,-2,-4|1
1|1,6,-11,-16,18,8,-8,-1|1
1|-1,-8,-14,11,22,-3,-9,0|1
1|1,-1,-9,1,18,3,-8,-1|1
1|-1,7,0,-22,6,19,-6,-3|1
1|-1,10,-13,-24,18,14,-8,-2|1
1|-1,10,7,-32,3,19,-5,-3|1
1|1,-2,-21,-23,15,17,-6,-3|1
1|19,45,-11,-58,5,26,-4,-4|1
1|-4,-24,-35,15,37,-2,-11,0|0
1|-1,8,-6,-18,14,12,-7,-2|1
1|-1,18,3,-34,4,19,-5,-3|1
1|-1,-11,-27,4,32,4,-10,-1|0
1|1,15,-17,-24,24,9,-9,-1|1
1|1,2,-8,-11,14,9,-7,-2|1
1|-1,7,-9,-11,17,6,-8,-1|1
1|-1,10,-11,-17,20,9,-9,-1|1
1|-1,-8,-12,13,21,-4,-9,0|1
1|1,1,-8,-3,15,3,-8,-1|1
1|1,-6,-22,4,29,3,-10,-1|0
1|-1,8,-12,-18,23,8,-9,-1|1
1|-2,8,-1,-21,9,14,-7,-2|1
1|-4,12,4,-30,5,20,-6,-3|0
1|-29,51,28,-75,6,30,-8,-3|1
1|1,6,-2,-21,7,15,-5,-3|1
1|1,-1,-15,0,21,2,-9,-1|1
1|1,-1,-10,3,18,-1,-8,0|1
1|-1,3,5,-14,-5,15,-1,-4|1
1|1,5,-3,-18,5,14,-4,-3|1
1|1,-1,-14,-9,20,8,-9,-1|1
1|1,-4,-26,-18,24,14,-9,-2|0
1|-1,2,8,-16,-6,16,-1,-4|1
1|2,0,-14,-6,20,8,-8,-2|1
1|-1,4,8,-19,-7,17,-1,-4|1
1|-1,12,-16,-15,23,7,-9,-1|1
1|-1,8,1,-21,3,15,-4,-3|1
1|16,8,-44,-14,37,7,-11,-1|0
1|1,6,-4,-21,8,17,-6,-3|0
1|1,7,-3,-21,5,17,-5,-3|1
1|1,-4,-11,10,22,-4,-10,0|0
1|-1,7,-5,-19,20,8,-9,-1|1
1|-1,36,-24,-51,27,23,-9,-3|0
1|-1,-8,4,48,38,-8,-12,0|1
1|1,7,-4,-23,13,13,-7,-2|0
1|19,18,-50,-26,43,10,-13,-1|0
1|19,-13,-54,8,40,-1,-11,0|1
1|1,3,-11,-14,18,10,-8,-2|1
1|1,-1,-14,3,21,-1,-9,0|0
1|-1,5,8,-25,-2,20,-5,-3|1
1|-1,4,5,-16,-4,15,-1,-4|1
1|-1,2,20,-35,-4,26,-7,-3|0
1|1,7,-13,-13,18,7,-8,-1|1
1|5,19,-5,-37,7,21,-6,-3|1
1|1,-2,-17,4,24,-1,-9,0|1
1|-1,2,9,-16,-8,17,-1,-4|1
1|3,3,-17,-7,20,5,-8,-1|1
1|-1,7,-8,-22,22,17,-10,-2|0
1|4,5,-18,-12,22,7,-9,-1|0
1|1,0,-10,-1,24,-1,-10,0|0
1|1,3,-6,-14,12,12,-9,-1|1
1|8,5,-25,-11,25,6,-9,-1|1
1|-7,29,-3,-43,17,17,-8,-2|1
1|1,-16,-100,-4,69,6,-15,-1|0
1|11,36,-65,-54,50,20,-13,-2|0
1|1,3,-12,-5,18,4,-8,-1|1
1|-1,3,13,-25,-7,24,-6,-3|0
1|-19,-82,-63,49,56,-7,-14,0|1
2|1,35,10,-82,18,30,-9,-3|0
1|3,0,-16,2,21,-1,-9,0|1
1|-2,6,7,-29,10,15,-7,-2|1
1|1,0,-11,-5,19,5,-8,-1|1
1|1,-1,-12,-5,21,10,-8,-2|1
1|7,-4,-27,4,26,-1,-9,0|1
1|-1,6,-5,-17,12,12,-7,-2|1
1|-5,15,14,-36,-3,24,-6,-3|1
1|11,37,-21,-70,31,26,-12,-2|0
1|1,19,-22,-24,25,9,-9,-1|1
1|-1,5,0,-21,4,17,-5,-3|1
1|-1,7,-9,-17,17,11,-8,-2|1
1|-1,9,-8,-18,16,9,-8,-1|1
1|-1,-7,-9,11,19,-4,-9,0|1
1|1,5,-12,-14,19,9,-9,-1|0
1|4,-6,-25,6,30,-1,-10,0|0
1|2,1,-16,-14,17,11,-7,-2|1
1|2,12,2,-28,-4,20,-2,-4|1
1|-1,-10,-15,14,24,-3,-9,0|1
1|4,-2,-25,4,33,0,-13,-1|0
1|1,6,-4,-25,20,10,-9,-1|1
1|3,8,-13,-22,23,9,-9,-1|1
1|1,5,-20,-23,23,15,-9,-2|0
1|1,2,-13,-1,19,0,-8,0|1
1|1,0,-8,0,16,0,-8,0|1
1|19,10,-59,-34,40,17,-11,-2|0
1|3,6,-18,-11,23,7,-9,-1|1
1|1,-2,-15,-4,20,5,-8,-1|1
1|3,6,-18,-33,12,22,-7,-3|1
1|-3,17,-14,-26,26,12,-11,-1|0
1|-1,4,3,-26,20,12,-10,-1|1
1|-1,6,-3,-17,9,14,-5,-3|1
1|1,5,-1,-22,6,21,-10,-2|1
1|11,16,-27,-26,23,13,-8,-2|1
1|1,3,-8,-15,17,8,-8,-1|1
1|1,1,-13,-15,22,8,-9,-1|0
1|1,4,-3,-17,7,17,-6,-3|1
1|-1,-8,-17,4,30,-1,-11,0|1
1|1,0,-10,0,22,0,-10,0|0
1|1,6,-5,-25,19,11,-9,-1|1
1|16,16,-40,-30,33,15,-10,-2|0
1|-2,10,-7,-19,18,10,-9,-1|1
1|-1,5,2,-24,-3,19,-2,-4|1
1|1,-26,83,-79,-2,32,-8,-3|1
1|-1,9,-20,-2,29,0,-10,0|1
1|19,27,-38,-49,29,25,-10,-3|0
1|1,3,-17,-3,23,0,-9,0|1
1|-1,-7,-11,8,23,2,-9,-1|1
1|1,9,9,-43,12,21,-9,-2|1
1|1,2,-9,-13,12,12,-7,-2|1
1|11,15,-24,-27,21,14,-8,-2|1
1|1,6,-12,-14,19,7,-8,-1|1
1|-1,-8,-14,7,25,3,-9,-1|1
1|1,3,-15,-7,21,5,-9,-1|1
1|-1,10,-18,-12,28,7,-10,-1|0
1|4,14,-5,-35,1,22,-3,-4|0
1|2,3,-15,-6,20,5,-8,-1|1
1|2,7,-15,-15,19,10,-8,-2|1
1|11,23,-79,-42,59,18,-14,-2|0
1|4,0,-22,0,25,0,-9,0|-1
1|1,5,-1,-21,4,19,-8,-2|1
1|-1,4,6,-18,-3,17,-4,-3|1
1|1,5,-2,-20,9,14,-7,-2|1
1|1,4,-6,-15,13,12,-7,-2|1
1|-59,104,19,-102,19,31,-9,-3|1
1|-1,5,-1,-19,9,14,-7,-2|1
1|-1,6,0,-22,6,22,-5,-4|0
1|11,39,-38,-58,41,20,-14,-1|0
1|-1,2,10,-27,6,19,-6,-3|1
1|5,8,-15,-19,16,12,-7,-2|1
1|1,-1,-9,3,21,3,-9,-1|0
1|1,3,-24,-13,26,7,-9,-1|1
1|-1,16,-38,-11,40,5,-12,-1|0
1|-1,9,-10,-16,17,8,-8,-1|1
1|5,0,-20,0,25,0,-10,0|1
1|11,6,-32,-12,30,6,-10,-1|1
1|3,-6,-26,0,27,4,-9,-1|1
1|1,10,-3,-26,4,19,-3,-4|0
1|-1,3,15,-40,4,22,-6,-3|1
1|2,-1,-14,0,19,0,-8,0|1
1|-1,0,19,-28,-10,26,-4,-4|0
1|1,2,-9,-12,15,12,-9,-2|0
1|-3,12,1,-33,17,15,-10,-1|1
1|1,4,-8,-13,16,10,-9,-1|1
1|5,-1,-22,0,25,0,-9,0|1
1|1,3,-7,-13,11,13,-5,-3|1
1|2,5,-8,-16,11,13,-7,-2|1
1|1,12,-20,-58,44,28,-15,-2|0
2|16,0,-64,0,56,0,-14,0|0
1|-1,31,-24,-36,30,11,-10,-1|1
1|4,3,-17,-9,20,6,-8,-1|1
1|-7,25,3,-43,14,18,-8,-2|1
1|4,8,-18,-20,27,8,-10,-1|0
1|7,12,-25,-21,26,10,-10,-1|1
1|-1,5,4,-19,0,16,-4,-3|1
1|-1,4,4,-27,16,12,-9,-1|1
1|1,3,-9,-12,19,13,-9,-2|0
1|1,-1,-11,1,24,1,-11,-1|0
1|-1,8,-14,-9,22,5,-9,-1|1
1|1,1,-22,-7,30,6,-10,-1|0
1|1,3,-14,-6,20,5,-8,-1|1
1|-16,-60,-49,35,45,-5,-12,0|-1
1|-13,56,-31,-49,36,13,-11,-1|0
1|1,3,-6,-16,9,14,-7,-2|1
1|5,-1,-23,-1,26,4,-9,-1|1
1|-1,6,-1,-22,10,16,-8,-2|0
1|1,-3,-8,11,21,-3,-9,0|1
1|1,-1,-8,3,16,-1,-8,0|1
1|-1,-19,-32,13,32,-2,-10,0|1
1|-2,6,7,-35,23,12,-10,-1|1
1|1,1,-8,-6,16,5,-8,-1|1
1|5,-4,-22,6,24,-2,-9,0|1
1|1,0,-11,-9,16,10,-7,-2|1
1|-11,45,-21,-76,47,32,-16,-2|0
2|1,0,-37,0,68,0,-17,0|0
1|1,-6,-27,-15,23,12,-8,-2|1
1|1,11,3,-25,-2,18,-2,-4|1
1|16,24,-32,-44,23,22,-8,-3|0
1|-9,30,5,-53,18,20,-9,-2|0
1|1,1,-12,2,22,-1,-9,0|1
1|7,14,-23,-27,21,14,-8,-2|1
1|1,9,-11,-23,15,13,-7,-2|1
1|-1,7,-11,-9,20,5,-9,-1|1
1|1,12,-21,-16,25,7,-9,-1|1
1|-3,16,-8,-26,15,13,-7,-2|1
1|19,-14,-65,-1,52,11,-12,-2|1
1|1,3,-14,-18,16,12,-7,-2|1
1|1,2,-11,-7,17,5,-8,-1|1
1|11,0,-39,0,33,0,-10,0|0
1|-1,4,2,-18,8,14,-7,-2|1
1|-1,36,-24,-47,35,13,-11,-1|1
1|1,6,-12,-16,19,12,-8,-2|0
1|1,12,7,-30,-4,20,-2,-4|1
1|-1,12,-8,-23,14,13,-7,-2|1
1|1,0,-12,4,24,3,-9,-1|1
1|1,5,-6,-15,10,11,-6,-2|1
1|-4,13,2,-30,11,15,-7,-2|1
1|1,5,-15,-10,20,6,-8,-1|1
1|2,-4,-14,16,27,-12,-14,0|0
1|1,-4,-10,10,19,-6,-10,0|1
1|-1,6,-5,-18,15,11,-9,-1|1
1|1,2,-15,-15,23,10,-10,-1|-1
1|2,-1,-14,3,19,-1,-8,0|1
1|1,0,-11,3,18,-1,-8,0|1
1|-11,-78,-85,31,65,3,-14,-1|1
1|-3,15,-2,-33,12,20,-8,-3|0
1|-1,-6,-1,28,26,-6,-10,0|1
1|41,0,-77,0,48,0,-12,0|1
1|5,10,-14,-25,14,17,-6,-3|0
1|-2,7,3,-26,11,14,-7,-2|1
1|1,5,-3,-22,13,13,-7,-2|1
1|4,0,-21,-2,25,4,-9,-1|0
1|-1,7,-5,-19,16,9,-8,-1|1
1|1,6,-9,-28,6,22,-4,-4|0
1|2,4,-13,-9,19,6,-8,-1|1
1|-1,9,-12,-32,12,19,-6,-3|1
1|2,3,-18,-10,23,10,-8,-2|1
1|-29,116,-27,-106,43,28,-13,-2|0
1|1,5,-7,-16,13,12,-9,-1|1
1|1,-1,-24,-10,25,7,-9,-1|1
1|-1,-10,-21,14,31,-4,-11,0|0
1|11,14,-25,-25,22,13,-8,-2|1
1|1,-5,-21,-4,27,7,-10,-1|0
1|-1,5,4,-26,6,23,-5,-4|0
1|1,4,-4,-16,8,15,-5,-3|1
1|1,3,-6,-12,14,10,-9,-1|1
1|-1,17,-14,-27,23,10,-9,-1|1
1|9,18,-17,-35,13,19,-6,-3|0
1|-1,1,28,-62,18,23,-10,-2|0
1|1,5,-1,-21,7,17,-8,-2|1
1|-1,30,1,-52,2,26,-4,-4|0
1|-1,3,6,-17,-3,16,-2,-4|1
1|2,-3,-14,9,30,3,-10,-1|1
1|1,39,-12,-70,25,28,-10,-3|0
1|-1,-1,21,-32,-1,20,-5,-3|1
1|-1,6,9,-24,-7,20,-2,-4|0
1|1,-1,-14,-7,21,10,-8,-2|0
1|-1,13,-4,-29,8,17,-5,-3|1
1|-1,3,10,-22,-8,23,-3,-4|1
1|1,-8,-3,36,32,-7,-11,0|1
1|1,4,-17,-18,20,12,-8,-2|0
1|-8,16,15,-41,3,22,-6,-3|0
1|1,4,-2,-15,1,15,-2,-4|1
1|-1,-6,-6,13,17,-7,-10,0|1
1|1,-13,-27,22,34,-7,-12,0|0
1|1,6,-3,-18,5,14,-4,-3|1
1|-1,5,0,-20,3,17,-5,-3|1
1|-1,-8,-15,4,24,4,-9,-1|1
1|7,-12,-38,7,33,-1,-10,0|1
1|1,0,-10,-6,17,8,-9,-1|1
1|9,2,-29,-6,27,5,-9,-1|1
1|1,3,-7,-13,13,13,-6,-3|1
1|3,4,-13,-14,16,11,-7,-2|1
1|1,4,-6,-15,14,13,-10,-1|1
1|19,81,-26,-97,17,35,-7,-4|0
1|1,-8,-44,-14,39,8,-11,-1|1
1|1,-5,-25,-13,23,11,-8,-2|1
1|-1,7,-11,-10,24,5,-10,-1|1
1|1,7,2,-31,10,18,-8,-2|1
1|1,0,-8,0,15,0,-8,0|1
1|4,0,-23,-1,29,0,-11,0|0
1|2,1,-11,-4,17,4,-8,-1|1
1|-1,-9,-19,10,26,-3,-10,0|1
1|2,10,2,-26,1,19,-5,-3|1
1|-1,10,-5,-27,21,10,-9,-1|1
1|-1,8,-6,-27,22,14,-11,-1|0
1|-11,27,13,-48,6,22,-6,-3|1
1|-4,30,-7,-47,14,22,-7,-3|0
1|-1,7,-3,-20,12,13,-9,-1|1
1|1,8,-8,-20,15,12,-9,-1|1
1|19,35,-54,-44,40,17,-11,-2|0
1|1,7,2,-35,20,14,-10,-1|1
1|1,1,-8,-5,16,4,-8,-1|1
1|-5,50,-35,-50,36,17,-11,-2|1
1|19,82,-22,-106,19,38,-8,-4|0
1|1,20,-11,-33,18,15,-8,-2|1
1|-1,7,-10,-13,19,10,-8,-2|1
1|-2,4,9,-19,-6,18,-2,-4|1
1|-1,9,-12,-15,19,7,-8,-1|1
1|-1,5,7,-24,0,19,-5,-3|1
1|1,-4,-12,9,23,-2,-9,0|1
1|3,-8,-25,6,26,-1,-9,0|1
1|11,14,-62,-64,43,32,-13,-3|0
1|-1,1,16,-33,-2,23,-4,-4|1
1|-9,-54,-78,3,55,7,-13,-1|0
1|-1,32,-23,-41,32,13,-11,-1|0
1|-1,5,7,-37,23,12,-10,-1|1
1|1,1,-11,1,17,-1,-8,0|1
1|9,0,-30,0,29,0,-10,0|0
1|1,4,-4,-18,12,12,-7,-2|1
1|-1,4,13,-26,-6,20,-2,-4|1
1|1,2,-15,-14,22,10,-9,-2|-1
1|3,-5,-18,8,22,-3,-9,0|1
1|1,14,19,-57,4,31,-9,-3|0
1|-11,25,12,-55,18,20,-9,-2|1
1|1,1,-9,-8,15,8,-9,-1|1
1|-1,12,-24,-19,30,8,-10,-1|0
1|-1,4,6,-18,-5,16,-1,-4|1
1|1,3,-6,-13,9,13,-6,-3|1
1|-1,6,-2,-23,7,16,-5,-3|0
1|8,10,-23,-21,22,12,-8,-2|0
1|1,-1,-16,-12,22,8,-9,-1|1
1|3,5,-14,-16,22,8,-9,-1|1
1|1,-5,-17,1,24,4,-9,-1|1
1|-1,36,-34,-38,35,12,-11,-1|0
1|-1,1,10,-15,-9,17,-1,-4|1
1|-1,7,1,-20,3,15,-4,-3|1
1|1,-3,-9,10,23,-2,-10,0|1
1|-1,-8,-11,12,22,-3,-9,0|1
1|-1,7,-4,-24,8,16,-5,-3|1
1|1,2,-23,6,29,-2,-10,0|0
1|-1,7,2,-21,0,17,-2,-4|1
1|1,3,-7,-12,11,10,-6,-2|1
1|1,-10,-14,25,32,-5,-11,0|0
1|-1,18,-7,-33,12,18,-6,-3|1
1|1,6,-19,-9,25,6,-9,-1|1
1|3,5,-14,-18,20,12,-9,-2|1
1|1,2,-13,-7,19,5,-8,-1|1
1|-1,6,-1,-23,19,10,-9,-1|1
1|-9,24,4,-43,12,21,-9,-2|0
1|-1,5,3,-18,-1,17,-3,-4|1
1|1,7,0,-26,10,15,-7,-2|1
1|-1,4,5,-22,0,21,-6,-3|0
1|4,-6,-27,4,32,4,-10,-1|0
1|-1,-12,-38,-32,21,24,-6,-4|1
1|1,3,-5,-14,9,14,-5,-3|1
1|-3,9,4,-24,3,17,-5,-3|1
1|1,-8,-14,24,37,-4,-12,0|0
1|-1,10,19,-44,2,23,-6,-3|1
1|1,16,-27,-35,26,20,-8,-3|0
1|4,10,-9,-24,9,16,-5,-3|0
1|-1,2,9,-17,-8,17,-1,-4|1
1|-1,5,-1,-18,8,15,-5,-3|1
1|-1,3,9,-23,-4,19,-2,-4|1
1|1,5,0,-19,2,17,-5,-3|1
1|-1,20,-20,-25,25,9,-9,-1|1
1|1,4,-8,-18,21,13,-9,-2|0
1|-2,16,-32,0,34,-4,-12,0|1
1|-1,7,-8,-15,16,8,-8,-1|1
1|-1,10,1,-30,9,18,-6,-3|0
1|29,58,-18,-69,8,29,-5,-4|1
1|1,3,-7,-14,15,11,-7,-2|1
1|11,-16,-35,22,37,-4,-11,0|1
1|-1,-7,-12,6,22,2,-9,-1|1
1|1,-1,-13,0,19,0,-8,0|1
1|11,-61,-121,-2,73,14,-14,-2|0
1|1,2,-9,-16,9,15,-5,-3|1
1|-1,-10,-27,-6,40,14,-13,-2|-1
1|-3,9,8,-40,17,20,-12,-1|0
1|1,3,-14,-14,27,7,-11,-1|0
1|16,24,-40,-40,33,20,-10,-3|0
1|1,0,-16,8,24,-4,-10,0|0
1|1,0,-12,5,24,1,-10,-1|0
1|1,-1,-29,-12,31,7,-10,-1|0
1|1,7,-19,-21,26,12,-11,-1|0
1|-1,-1,19,-29,-2,20,-5,-3|1
1|-4,24,-15,-35,28,11,-10,-1|0
1|-2,7,5,-25,3,18,-5,-3|1
1|1,-1,-18,-19,16,16,-6,-3|1
1|1,1,-15,-27,5,20,-3,-4|1
1|1,6,0,-24,9,15,-7,-2|1
1|5,1,-22,-1,27,0,-10,0|0
1|-1,8,-15,-5,22,0,-9,0|1
1|1,5,-1,-18,1,18,-5,-3|1
1|1,-14,-27,22,36,-4,-11,0|-1
1|1,-7,-28,-4,30,8,-10,-2|1
1|-1,5,3,-26,15,14,-8,-2|1
1|-1,-11,-15,19,26,-7,-11,0|0
1|-1,-14,-44,-16,37,18,-9,-3|1
1|-9,18,15,-41,1,23,-6,-3|0
1|-1,4,6,-29,12,17,-9,-2|0
1|-1,1,12,-18,-10,20,-2,-4|0
1|-1,6,1,-20,5,16,-7,-2|1
1|1,11,9,-42,11,21,-9,-2|0
1|1,0,-11,-7,18,6,-8,-1|1
1|19,-24,-51,41,53,-12,-16,0|0
1|-1,5,5,-17,-5,16,-1,-4|1
1|1,5,-3,-23,15,13,-8,-2|1
1|5,-5,-26,11,36,-1,-12,0|0
1|1,3,-8,-10,18,6,-9,-1|1
1|1,3,-8,-12,18,11,-10,-1|1
1|-1,7,10,-30,-4,26,-7,-3|0
1|1,-1,-16,-16,16,15,-6,-3|0
1|1,-1,-13,7,22,-2,-9,0|1
1|-4,8,16,-36,-6,32,-6,-4|0
1|4,-6,-19,12,24,-5,-10,0|0
1|1,4,-4,-20,5,20,-4,-4|-1
1|1,4,-7,-13,14,10,-7,-2|1
1|-1,11,-17,-14,23,6,-9,-1|1
1|-5,29,-42,-9,40,-1,-12,0|1
1|-4,-20,-19,25,32,-5,-11,0|0
1|-1,4,10,-32,5,24,-6,-4|0
1|1,-3,-10,19,31,-3,-11,0|0
1|25,0,-70,-10,51,6,-13,-1|0
1|16,8,-52,-26,43,13,-13,-1|0
1|1,-1,-14,-7,19,6,-8,-1|1
1|3,6,-11,-19,14,16,-6,-3|1
1|1,4,-4,-21,5,17,-5,-3|1
1|1,5,-14,-11,21,6,-9,-1|0
1|-1,0,14,-20,-9,20,-2,-4|1
1|-1,9,8,-32,3,19,-5,-3|1
1|1,2,-10,-7,18,5,-8,-1|1
1|1,8,-2,-29,6,20,-6,-3|0
1|1,6,-6,-21,11,20,-7,-3|1
1|1,3,-24,1,28,-1,-10,0|0
1|-1,-2,27,-19,-31,37,-8,-3|0
1|-1,8,-6,-19,16,9,-8,-1|1
1|-1,3,11,-30,2,19,-5,-3|1
1|-2,12,-2,-26,10,15,-7,-2|1
1|16,0,-56,10,47,-5,-14,0|0
1|-1,-16,-29,12,37,3,-11,-1|0
1|-1,-4,4,32,33,-4,-12,0|1
1|-1,-6,-7,12,20,-3,-9,0|1
1|49,0,-91,0,55,0,-13,0|0
1|1,3,-8,-19,20,13,-10,-2|0
1|19,-6,-67,-1,62,9,-15,-1|0
1|-15,25,25,-51,1,24,-6,-3|1
1|1,1,-11,-13,17,10,-9,-1|1
1|4,14,-7,-33,16,16,-8,-2|0
1|-1,10,-1,-25,7,16,-5,-3|1
1|1,3,-5,-16,5,16,-5,-3|1
1|1,1,-16,-9,20,6,-8,-1|1
1|5,10,-26,-30,24,16,-9,-2|0
1|1,0,-9,-1,20,0,-9,0|1
1|1,0,-13,-15,14,14,-6,-3|1
1|1,37,-25,-48,29,18,-10,-2|0
1|11,27,-20,-53,20,24,-8,-3|0
1|-1,4,3,-20,5,15,-5,-3|1
1|11,59,-20,-104,59,21,-15,-1|0
1|-1,8,4,-34,-3,23,-3,-4|0
1|-3,11,0,-25,9,15,-7,-2|1
1|31,64,-22,-73,10,29,-5,-4|1
1|-1,6,-3,-23,20,9,-9,-1|1
1|-9,22,9,-41,4,22,-6,-3|1
1|1,1,-25,-9,26,6,-9,-1|1
1|-1,6,-3,-16,11,12,-7,-2|1
1|1,0,-9,0,21,0,-9,0|1
1|1,13,-11,-24,15,13,-7,-2|1
1|-1,-7,-12,6,23,3,-9,-1|1
1|-1,2,8,-18,-4,19,-5,-3|1
1|1,-1,-22,-6,25,5,-9,-1|1
1|1,5,-6,-20,16,13,-10,-1|0
1|-1,4,6,-22,3,17,-7,-2|1
1|1,3,-8,-11,17,7,-8,-1|1
1|-1,4,7,-21,0,16,-4,-3|1
1|1,3,-12,-13,22,8,-10,-1|0
1|-1,-12,-23,10,32,3,-10,-1|1
1|1,3,-14,-12,19,7,-8,-1|1
1|-1,3,6,-25,13,14,-8,-2|1
1|4,6,-25,-14,26,7,-9,-1|-1
1|-1,4,3,-21,6,16,-6,-3|1
1|-1,12,-1,-37,21,16,-11,-1|0
1|-4,20,-16,-25,24,9,-9,-1|0
1|1,-2,-8,6,16,-4,-9,0|1
1|-3,7,11,-25,-7,24,-6,-3|1
1|19,-6,-56,2,47,5,-12,-1|0
1|1,-8,-20,14,31,-3,-11,0|0
1|1,4,-7,-13,11,10,-6,-2|1
1|-8,9,42,-62,2,27,-7,-3|1
1|-1,10,-13,-15,19,7,-8,-1|1
1|11,14,-36,-29,35,11,-11,-1|0
1|1,3,-8,-9,16,6,-8,-1|1
1|11,49,-1,-77,14,31,-9,-3|0
1|-1,5,4,-30,19,11,-9,-1|1
1|-1,8,20,-38,-7,28,-7,-3|0
1|-1,2,21,-25,-15,27,-6,-3|1
2|1,4,-2,-17,-1,17,-2,-4|1
1|1,0,-11,-8,18,8,-9,-1|1
1|1,4,-6,-14,10,13,-5,-3|1
1|-1,-14,-35,9,36,-1,-11,0|0
1|-5,14,6,-36,7,24,-10,-2|1
1|7,0,-26,0,26,0,-9,0|1
1|1,-6,-11,20,28,-4,-10,0|1
1|5,10,-19,-21,21,12,-8,-2|1
1|5,6,-26,-23,23,13,-8,-2|1
1|1,31,-13,-62,40,17,-13,-1|0
1|-1,-6,-5,16,20,-6,-10,0|0
1|-3,17,-14,-25,22,10,-9,-1|1
1|9,9,-26,-19,26,10,-10,-1|0
1|-1,5,1,-18,4,15,-5,-3|1
1|4,-5,-25,5,26,-1,-9,0|1
1|-1,5,2,-32,23,12,-10,-1|1
1|2,4,-9,-16,12,14,-6,-3|1
1|1,4,-2,-16,1,16,-2,-4|1
1|-1,5,3,-31,12,17,-8,-2|1
1|-1,8,-14,-8,25,0,-10,0|1
1|19,-8,-85,-8,57,7,-13,-1|0
1|1,-6,-17,8,26,-2,-10,0|0
1|4,6,-49,-17,40,8,-11,-1|0
1|1,8,-39,-14,37,7,-11,-1|0
1|1,6,0,-24,1,21,-6,-3|0
1|-19,43,7,-64,20,23,-10,-2|1
1|11,15,-35,-24,33,10,-11,-1|0
